  0.0000 0.0000 0.0000 1.0000 
  0.0000 0.0000 0.0000 1.0000 
  0.0000 0.0010 0.0000 0.9990 
  0.0380 0.0000 0.0000 0.9620 
  0.3220 0.1430 0.4152 0.1197 
  0.0000 0.0000 0.0000 1.0000 
  0.0000 0.0000 0.0000 1.0000 
  0.3592 0.0160 0.2341 0.3907 
  0.0000 0.0000 0.0000 1.0000 
  0.0045 0.3504 0.1030 0.5421 
  0.0000 0.0000 0.0000 1.0000 
  0.2392 0.1968 0.4250 0.1390 
  0.0000 0.0000 0.0000 1.0000 
  0.0000 0.0000 0.0000 1.0000 
  0.0000 0.2824 0.1493 0.5683 
  0.0390 0.2188 0.1730 0.5692 
  0.0000 0.0000 0.0000 1.0000 
  0.0000 0.3416 0.1100 0.5484 
  0.0000 0.1848 0.0460 0.7692 
  0.0000 0.3050 0.0000 0.6950 
  0.0000 0.4873 0.0000 0.5127 
  0.0230 0.5314 0.2035 0.2420 
  0.0000 0.0000 0.0000 1.0000 
  0.0000 0.4899 0.0000 0.5101 
  0.0000 0.4993 0.0000 0.5007 
  0.4550 0.0000 0.0000 0.5450 
  0.0000 0.0003 0.0000 0.9997 
  0.0950 0.0663 0.3037 0.5350 
  0.4648 0.0000 0.0000 0.5352 
  0.4290 0.0260 0.0180 0.5270 
  0.5630 0.0000 0.0180 0.4190 
  0.2894 0.0000 0.0040 0.7066 
  0.3800 0.0090 0.1220 0.4890 
  0.5506 0.0000 0.0000 0.4494 
  0.5070 0.0000 0.0000 0.4930 
  0.1630 0.0000 0.0000 0.8370 
  0.0000 0.0000 0.0000 1.0000 
  0.4304 0.0000 0.0000 0.5696 
  0.6870 0.0000 0.1340 0.1790 
  0.4950 0.0000 0.0000 0.5050 
  0.4870 0.0000 0.0000 0.5130 
  0.5520 0.0000 0.0000 0.4480 
  0.2900 0.0000 0.0000 0.7100 
  0.4190 0.0000 0.0000 0.5810 
  0.3890 0.0000 0.0000 0.6110 
  0.2870 0.0000 0.0000 0.7130 
  0.4080 0.0000 0.0000 0.5920 
  0.5129 0.0040 0.4831 0.0000 
  0.3410 0.0000 0.0000 0.6590 
  0.3170 0.0000 0.0000 0.6830 
  0.5310 0.0000 0.0000 0.4690 
  0.3975 0.0000 0.0000 0.6025 
  0.3820 0.0000 0.0000 0.6180 
  0.2970 0.0000 0.0000 0.7030 
  0.5210 0.0000 0.0000 0.4790 
  0.4300 0.0000 0.0000 0.5700 
  0.0700 0.0000 0.0190 0.9110 
  0.0000 0.0000 0.0000 1.0000 
  0.0000 0.0000 0.0000 1.0000 
  0.2430 0.0000 0.0000 0.7570 
  0.8190 0.0000 0.1800 0.0010 
  0.9875 0.0030 0.0025 0.0070 
  0.6030 0.0000 0.3970 0.0000 
  0.2900 0.4703 0.2397 0.0000 
  0.5712 0.0000 0.4288 0.0000 
  0.0015 0.4765 0.5220 0.0000 
  0.0000 0.0000 1.0000 0.0000 
  0.2912 0.0010 0.7078 0.0000 
  0.5640 0.0000 0.4360 0.0000 
  0.0000 0.0000 1.0000 0.0000 
  0.9970 0.0020 0.0000 0.0010 
  0.4710 0.0050 0.5240 0.0000 
  0.4270 0.0000 0.5730 0.0000 
  0.1850 0.0000 0.8150 0.0000 
  0.1730 0.6243 0.2028 0.0000 
  0.9970 0.0020 0.0010 0.0000 
  0.3930 0.0000 0.6070 0.0000 
  1.0000 0.0000 0.0000 0.0000 
  1.0000 0.0000 0.0000 0.0000 
  0.0000 0.0000 1.0000 0.0000 
  0.0000 0.0000 1.0000 0.0000 
  0.0000 0.0000 1.0000 0.0000 
  0.0000 0.0000 1.0000 0.0000 
  0.0000 0.4865 0.5135 0.0000 
  0.9860 0.0000 0.0140 0.0000 
  1.0000 0.0000 0.0000 0.0000 
  1.0000 0.0000 0.0000 0.0000 
  0.7590 0.0000 0.2410 0.0000 
  0.8580 0.0000 0.1420 0.0000 
  0.9910 0.0040 0.0010 0.0040 
  0.9810 0.0000 0.0190 0.0000 
  0.7938 0.0020 0.2012 0.0030 
  0.9049 0.0000 0.0951 0.0000 
  0.9980 0.0000 0.0000 0.0020 
  0.2900 0.0000 0.7100 0.0000 
  0.6900 0.0000 0.3100 0.0000 
  0.7620 0.0000 0.2380 0.0000 
  0.5160 0.0000 0.4840 0.0000 
  0.2580 0.0000 0.7420 0.0000 
  0.3120 0.0000 0.6880 0.0000 
  0.8420 0.0000 0.1580 0.0000 
  0.0000 0.0000 1.0000 0.0000 
  1.0000 0.0000 0.0000 0.0000 
  0.6900 0.0000 0.3100 0.0000 
  0.9980 0.0000 0.0020 0.0000 
  1.0000 0.0000 0.0000 0.0000 
  0.0000 0.0000 1.0000 0.0000 
  0.5970 0.0160 0.3830 0.0040 
  0.0000 0.0000 1.0000 0.0000 
  0.0060 0.0000 0.9940 0.0000 
  0.9890 0.0000 0.0110 0.0000 
  0.9620 0.0050 0.0180 0.0150 
  0.9360 0.0120 0.0300 0.0220 
  1.0000 0.0000 0.0000 0.0000 
  1.0000 0.0000 0.0000 0.0000 
  0.9960 0.0000 0.0000 0.0040 
  1.0000 0.0000 0.0000 0.0000 
  0.0040 0.0000 0.9960 0.0000 
  0.9371 0.0200 0.0200 0.0230 
  0.9190 0.0540 0.0110 0.0160 
  0.9065 0.0530 0.0120 0.0285 
  0.0040 0.9943 0.0017 0.0000 
  0.9713 0.0277 0.0000 0.0010 
  0.9290 0.0340 0.0190 0.0180 
  0.9670 0.0060 0.0190 0.0080 
